# relative_time, cycles_done, cur_item, corpus_count, pending_total, pending_favs, map_size, saved_crashes, saved_hangs, max_depth, execs_per_sec, total_execs, edges_found
60, 0, 0, 1013, 1013, 3, 7.09%, 1, 0, 2, 560.48, 32912, 4648
65, 0, 0, 1034, 1034, 3, 7.10%, 1, 0, 2, 561.79, 35749, 4653
70, 0, 0, 1054, 1054, 3, 7.11%, 1, 0, 2, 561.50, 38591, 4661
75, 0, 0, 1073, 1073, 3, 7.14%, 1, 0, 2, 546.10, 41314, 4679
80, 0, 0, 1102, 1102, 3, 7.17%, 1, 0, 2, 556.80, 44164, 4699
85, 0, 0, 1120, 1120, 3, 7.20%, 1, 0, 2, 497.45, 46751, 4720
90, 0, 0, 1142, 1142, 3, 7.24%, 1, 0, 2, 488.95, 49124, 4746
96, 0, 0, 1163, 1163, 3, 7.27%, 1, 0, 2, 509.81, 51783, 4763
101, 0, 0, 1184, 1184, 3, 7.29%, 1, 0, 2, 490.32, 54243, 4775
106, 0, 0, 1206, 1206, 3, 7.35%, 1, 0, 2, 486.09, 56706, 4814
111, 0, 0, 1223, 1223, 3, 7.35%, 1, 0, 2, 109.74, 59241, 4815
116, 0, 634, 1230, 1229, 293, 7.35%, 1, 0, 2, 562.20, 62100, 4815
121, 0, 634, 1235, 1234, 293, 7.35%, 1, 0, 3, 577.57, 65004, 4817
126, 0, 634, 1243, 1242, 293, 7.35%, 1, 0, 3, 569.70, 67940, 4819
131, 0, 634, 1246, 1245, 293, 7.36%, 1, 0, 3, 602.04, 71007, 4822
136, 0, 634, 1253, 1252, 293, 7.37%, 1, 0, 3, 609.31, 74136, 4827
141, 0, 634, 1259, 1258, 293, 7.37%, 1, 0, 3, 613.11, 77269, 4832
146, 0, 634, 1263, 1262, 293, 7.38%, 1, 0, 3, 604.95, 80351, 4834
152, 0, 634, 1265, 1264, 293, 7.38%, 1, 0, 3, 616.53, 83499, 4835
157, 0, 634, 1272, 1271, 293, 7.38%, 1, 0, 3, 612.55, 86591, 4839
162, 0, 634, 1277, 1276, 293, 7.39%, 1, 0, 3, 611.79, 89656, 4840
167, 0, 634, 1282, 1281, 293, 7.39%, 1, 0, 3, 620.96, 92804, 4840
172, 0, 634, 1285, 1284, 293, 7.39%, 1, 0, 3, 615.52, 95949, 4841
177, 0, 391, 1288, 1286, 306, 7.39%, 1, 0, 3, 594.98, 98946, 4842
182, 0, 391, 1304, 1302, 306, 7.39%, 1, 0, 3, 552.47, 101696, 4842
187, 0, 391, 1324, 1322, 306, 7.40%, 1, 0, 3, 516.81, 104349, 4848
192, 0, 391, 1346, 1344, 306, 7.41%, 1, 0, 3, 461.85, 106625, 4858
197, 0, 391, 1361, 1359, 306, 7.42%, 1, 0, 3, 447.51, 108899, 4861
203, 0, 1346, 1366, 1363, 308, 7.42%, 1, 0, 4, 510.80, 111614, 4861
208, 0, 1346, 1380, 1377, 308, 7.42%, 1, 0, 4, 527.69, 114307, 4865
213, 0, 1346, 1387, 1384, 308, 7.42%, 1, 0, 4, 536.67, 117143, 4866
218, 0, 1346, 1397, 1394, 308, 7.43%, 1, 0, 4, 546.72, 119873, 4871
218, 0, 1346, 1397, 1394, 308, 7.43%, 1, 0, 4, 548.57, 120050, 4871
